0110001010010100 1010111111000101 0000000000000000 0110001010010100
0000100110101110 0100100010111110 0000000000000000 0000100110101110
0001101011011010 1110111100001010 0000000000000000 0001101011011010
1001110001010100 0111000001011011 0000000000000001 0010101111111001
0011001000011111 0111101001101001 0000000000000000 0011001000011111
1000011011110010 0111011101110101 0000000000000001 0000111101111101
1000011011010110 1000011101100101 0000000000000000 1000011011010110
0110100000010001 0010100100101101 0000000000000010 0001010110110111
0011001000010110 1011010110010000 0000000000000000 0011001000010110
1101110000010101 0011010101000010 0000000000000100 0000011100001101
0101111111101110 0000010111111110 0000000000010000 0000000000001110
1010111101000100 0100111111100111 0000000000000010 0000111101110110
1100011100110010 1000000111111111 0000000000000001 0100010100110011
0111101111011001 1001111110111101 0000000000000000 0111101111011001
1001101110010101 1001110101100001 0000000000000000 1001101110010101
0100001010001110 1101011101110011 0000000000000000 0100001010001110
1111101011000010 0111111000010011 0000000000000001 0111110010101111
0111001011101101 1100100110110011 0000000000000000 0111001011101101
1110010011101011 0011010001001001 0000000000000100 0001001111000111
1010011101111001 0010011010001110 0000000000000100 0000110101000001
0111100010110000 0001010001111000 0000000000000101 0001001001011000
1100011010010110 0010010110100101 0000000000000101 0000101001011101
1100001111110001 1011010011101011 0000000000000001 0000111100000110
1010011100100110 1100000111111001 0000000000000000 1010011100100110
0110010111101011 0011100011100000 0000000000000001 0010110100001011
0001110011111001 1011010100001100 0000000000000000 0001110011111001
0110011101100111 1010101000110111 0000000000000000 0110011101100111
0100011010011011 0101110000011000 0000000000000000 0100011010011011
1101000001001110 1011000001011001 0000000000000001 0001111111110101
0100001001000100 1001100111100110 0000000000000000 0100001001000100
1110110011110011 0000100001000110 0000000000011100 0000010101001011
1101111011011010 1001100111000011 0000000000000001 0100010100010111
0111000100000001 1001111001110000 0000000000000000 0111000100000001
1101111101111011 0011001111101011 0000000000000100 0000111111001111
1011101000011001 1010000010111011 0000000000000001 0001100101011110
1010001111001111 1110011111000010 0000000000000000 1010001111001111
1100001000011100 1000100110100001 0000000000000001 0011100001111011
1010010100000011 0101001010010111 0000000000000001 0101001001101100
0001111010111111 0000110100111100 0000000000000010 0000010001000111
0100111000111110 0001010000111110 0000000000000011 0001000110000100
0111100100011111 0110110010101000 0000000000000001 0000110001110111
0110101000111101 0100110000100111 0000000000000001 0001111000010110
1001001010110011 1101001111001101 0000000000000000 1001001010110011
1010110110000110 1111001010110110 0000000000000000 1010110110000110
0100000001111010 0111111111100000 0000000000000000 0100000001111010
0000010110110011 1001001101100010 0000000000000000 0000010110110011
0001111001100011 1010001011010001 0000000000000000 0001111001100011
0100001010110001 1000010100110111 0000000000000000 0100001010110001
1011001101100110 0111111100110010 0000000000000001 0011010000110100
1011101100010111 1010000010011111 0000000000000001 0001101001111000
0110111111010100 1000101100000010 0000000000000000 0110111111010100
0111000001001001 1010010101100001 0000000000000000 0111000001001001
0000011101010101 0111111101011000 0000000000000000 0000011101010101
1101010011111110 1100010001111100 0000000000000001 0001000010000010
0111100001100100 0011111000010011 0000000000000001 0011101001010001
0001111100110110 0001101011001110 0000000000000001 0000010001101000
1101100101101011 1110011101100101 0000000000000000 1101100101101011
0101111100101110 0000101100000000 0000000000001000 0000011100101110
1101010110011011 1100000110011111 0000000000000001 0001001111111100
1011010110111000 1110110011101000 0000000000000000 1011010110111000
1011101101100000 1111000011010100 0000000000000000 1011101101100000
0110010011101111 0110110010001100 0000000000000000 0110010011101111
0010000011110000 0011101111011010 0000000000000000 0010000011110000
0111010011010111 1100100000111101 0000000000000000 0111010011010111
1111101100000000 1111001100000101 0000000000000001 0000011111111011
0110111111101110 0001100011110110 0000000000000100 0000110000010110
1111000010111001 0110111101010110 0000000000000010 0001001000001101
1100010011100101 0001111010000011 0000000000000110 0000110111010011
1100001110110101 0001110100110111 0000000000000110 0001010001101011
1101111101100000 0010100101001010 0000000000000101 0001000011101110
1011111110001110 1110011010000010 0000000000000000 1011111110001110
1111110101111100 1110101010111001 0000000000000001 0001001011000011
1001011000010111 1110001011111111 0000000000000000 1001011000010111
0110101000100001 0101000010100000 0000000000000001 0001100110000001
1111101101110011 1110110000100010 0000000000000001 0000111101010001
0101000010001111 1011100011001110 0000000000000000 0101000010001111
1111110101100110 0011011101000011 0000000000000100 0010000001011010
0110100010010110 0011001111100010 0000000000000010 0000000011010010
1111010110011101 0011001111101100 0000000000000100 0010010111101101
1001011011111011 1111010000010110 0000000000000000 1001011011111011
1100000001111001 0111010110010011 0000000000000001 0100101011100110
0001011110011011 1011110010100101 0000000000000000 0001011110011011
0010000101001111 0000011001010101 0000000000000101 0000000110100110
1111011010101001 1100001100001000 0000000000000001 0011001110100001
1110011100110010 0100111001110011 0000000000000010 0100101001001100
1001111001001110 1100111111001010 0000000000000000 1001111001001110
0011100011001011 0110001011101011 0000000000000000 0011100011001011
0001000001010110 1111010010101000 0000000000000000 0001000001010110
1011011001110101 1010110000110111 0000000000000001 0000101000111110
1000101101001010 1111111111111100 0000000000000000 1000101101001010
0011100011011001 0100001100100000 0000000000000000 0011100011011001
1101001100101100 1000011110011111 0000000000000001 0100101110001101
1011001011110000 0101101101100011 0000000000000001 0101011110001101
1000111111100111 0110000111010011 0000000000000001 0010111000010100
1100001110101001 0101010001010111 0000000000000010 0001101011111011
0000101000100000 1101100001101111 0000000000000000 0000101000100000
1001010101011110 1011011010101001 0000000000000000 1001010101011110
0010011010100000 1100001011110001 0000000000000000 0010011010100000
1010110111011000 1000110010111010 0000000000000001 0010000100011110
1000110000110011 1011111000011110 0000000000000000 1000110000110011
1110111101100110 1111110111010001 0000000000000000 1110111101100110
1010100001011111 1010110001000001 0000000000000000 1010100001011111
1111110101111001 0001000010111011 0000000000001111 0000001010000100
0101000111111101 1010101110110111 0000000000000000 0101000111111101
1101110010101000 0000111011100101 0000000000001110 0000110000100010
0110001011100101 1110111001010011 0000000000000000 0110001011100101
1111000001111111 1100100011011000 0000000000000001 0010011110100111
0011010110001110 0101010000110100 0000000000000000 0011010110001110
1010111001110001 0101101111011010 0000000000000001 0101001010010111
1001101101000110 1010100001000010 0000000000000000 1001101101000110
0110100001010000 1001010110111001 0000000000000000 0110100001010000
0100000100001000 0001011001011011 0000000000000010 0001010001010010
1101010110000000 0001101101111110 0000000000000111 0001010100001110
0101100001111000 0000110111011001 0000000000000110 0000010101100010
1111010010010110 1000101101101010 0000000000000001 0110100100101100
0010111010110011 0100010001011100 0000000000000000 0010111010110011
0101110001001111 0001011101101001 0000000000000011 0001011000010100
1111001111001001 1100001010110100 0000000000000001 0011000100010101
1110111011011100 0010101010111000 0000000000000101 0001100101000100
0001111010100010 0110100101010100 0000000000000000 0001111010100010
0011010101101101 1000111110000110 0000000000000000 0011010101101101
0001011011100000 0010001110111011 0000000000000000 0001011011100000
0111110010010100 0111001101001011 0000000000000001 0000100101001001
1001011011010010 0101011110110000 0000000000000001 0011111100100010
0110100001011101 0011101111111111 0000000000000001 0010110001011110
1110011101101111 0010001111111111 0000000000000110 0000111101110101
1110111001100101 1010100101010100 0000000000000001 0100010100010001
1001101000011111 0111010001101000 0000000000000001 0010010110110111
1111100100111001 1110110101010011 0000000000000001 0000101111100110
0111000010011111 1000100010111111 0000000000000000 0111000010011111
0011001000010000 0110110010010110 0000000000000000 0011001000010000
1000011110100010 1100100110101111 0000000000000000 1000011110100010
0001110011110001 1111111100001011 0000000000000000 0001110011110001
1010011111110101 1011011110101010 0000000000000000 1010011111110101
0100101100010100 1110101111100110 0000000000000000 0100101100010100
0010010001111010 1101000100000010 0000000000000000 0010010001111010
0101100110000111 0010101101110011 0000000000000010 0000001010100001
0001001010101010 1101011000110110 0000000000000000 0001001010101010
0101001011011111 1010011101101011 0000000000000000 0101001011011111
0101001011100100 0100011101000111 0000000000000001 0000101110011101
1111101011100001 0101000011110010 0000000000000011 0000100000001011
1001000001110100 1010001100101010 0000000000000000 1001000001110100
0110010111101111 0000000110010010 0000000001000000 0000000101101111
0001001100111000 0010110101000000 0000000000000000 0001001100111000
1010011110010001 1110100000111100 0000000000000000 1010011110010001
1001010000100111 0011111000000111 0000000000000010 0001100000011001
0000010100011010 1000100010110101 0000000000000000 0000010100011010
0101000110101110 1101100110101110 0000000000000000 0101000110101110
0000101101011110 0111101100110110 0000000000000000 0000101101011110
1100010100001010 1100111000001000 0000000000000000 1100010100001010
0110100100010101 0100110110010101 0000000000000001 0001101110000000
1010010101001001 1111000001100011 0000000000000000 1010010101001001
1110001111110011 0100001101000111 0000000000000011 0001101000011110
0001110100110100 0000100001111110 0000000000000011 0000001110111010
1110111101010001 1011110101000011 0000000000000001 0011001000001110
0000001101000010 1101010010010110 0000000000000000 0000001101000010
0011010011100011 0010001011011000 0000000000000001 0001001000001011
0001100110010001 1001001001111001 0000000000000000 0001100110010001
1101100001010001 0000101100011101 0000000000010011 0000010100101010
1011100100100011 1011111110011111 0000000000000000 1011100100100011
0101001111111010 1000100110011011 0000000000000000 0101001111111010
1101110101001001 1000111010101001 0000000000000001 0100111010100000
1110100001111110 0001101111111000 0000000000001000 0000100010111110
0000010100111111 1000110001000111 0000000000000000 0000010100111111
0011010110110011 0000010110010101 0000000000001001 0000001101110110
0011010110010101 0111100110110000 0000000000000000 0011010110010101
0111001000011101 0000000100101100 0000000001100001 0000000001110001
0011011000000101 1111110000010000 0000000000000000 0011011000000101
0001111110111010 0101010000110000 0000000000000000 0001111110111010
0001011011110111 1111111110000100 0000000000000000 0001011011110111
1111101000101100 0111001100010100 0000000000000010 0001010000000100
0100101010100010 0100111101101110 0000000000000000 0100101010100010
1010001001110101 0110110011011011 0000000000000001 0011010110011010
0001010100011011 1010011000001000 0000000000000000 0001010100011011
1111011101001101 1010011001111100 0000000000000001 0101000011010001
1010000010110111 0100010100100010 0000000000000010 0001011001110011
1000000010011101 1001101001101000 0000000000000000 1000000010011101
1011000101000110 1011110010110000 0000000000000000 1011000101000110
0111010111101001 1000101111100110 0000000000000000 0111010111101001
0111001000110101 1011000011101000 0000000000000000 0111001000110101
1001111011001000 0011100010001011 0000000000000010 0010110110110010
0000101011011100 1101110101111110 0000000000000000 0000101011011100
1111011010100101 1010000101011101 0000000000000001 0101010101001000
1000000101010010 1011101100001110 0000000000000000 1000000101010010
0111111000101010 1000100100011000 0000000000000000 0111111000101010
0001101110110010 1100001111011000 0000000000000000 0001101110110010
1110010110010110 0011111110000011 0000000000000011 0010011100001101
0010011000000011 1010000111001101 0000000000000000 0010011000000011
0001100100111001 1010110110010111 0000000000000000 0001100100111001
1110011101010101 0010100101000111 0000000000000101 0001100011110010
1100100011110100 1100011101010000 0000000000000001 0000000110100100
1111110010001010 0011010100011000 0000000000000100 0010100000101010
0010110110100000 1110100110101101 0000000000000000 0010110110100000
0011001100001010 0000011110110000 0000000000000110 0000010011101010
0000000111000011 1100010001110011 0000000000000000 0000000111000011
0010111010000101 1100100010100101 0000000000000000 0010111010000101
1101010101011100 0011100000001011 0000000000000011 0010110100111011
0000011010000001 0111000001011111 0000000000000000 0000011010000001
0101000000011001 0101110101100100 0000000000000000 0101000000011001
0000111011101011 0001001011001010 0000000000000000 0000111011101011
0100111010011001 1101000101110101 0000000000000000 0100111010011001
1111110010110101 0100100010000110 0000000000000011 0010001100100011
0111101010110101 0100000100110101 0000000000000001 0011100110000000
0000011111111110 1000011000000001 0000000000000000 0000011111111110
1000001101111100 1000100110101100 0000000000000000 1000001101111100
0101100111100001 0010111011011011 0000000000000001 0010101100000110
1011000101010010 0000111110000010 0000000000001011 0000011010111100
0011000100110000 1010101111010000 0000000000000000 0011000100110000
0010010001001101 1101000000111110 0000000000000000 0010010001001101
0001011110010001 1001101101011001 0000000000000000 0001011110010001
0110101000101011 0011000011000010 0000000000000010 0000100010100111
1001000000011000 1011000010101001 0000000000000000 1001000000011000
0000110110011000 0000010101001111 0000000000000010 0000001011111010
0010111001010011 0010100010001000 0000000000000001 0000010111001011
1111101001100000 0010101010001111 0000000000000101 0010010110010101
1110110010000100 0110110001111011 0000000000000010 0001001110001110
0001110111010101 1110101111010100 0000000000000000 0001110111010101
0001010000100001 0000110010000110 0000000000000001 0000011110011011
1011000000010101 1110111010010110 0000000000000000 1011000000010101
0011010000000111 0110001111101000 0000000000000000 0011010000000111
0100010110010010 0111000110011110 0000000000000000 0100010110010010
1000101001101101 1111111000111111 0000000000000000 1000101001101101
1101110111101110 0111101000100101 0000000000000001 0110001111001001
0111111101100100 1010000000010000 0000000000000000 0111111101100100
1110011010011111 0000001101101000 0000000001000011 0000001001100111
1100011000010101 0100000100110000 0000000000000011 0000001010000101
0001110100100001 0100001101000011 0000000000000000 0001110100100001
0111011110110100 0010001101001101 0000000000000011 0000110111001101
1100001010101001 0000101010001110 0000000000010010 0000010010101101
0101011110000010 1111001111111110 0000000000000000 0101011110000010
1100100000101010 1011101000000111 0000000000000001 0000111000100011
1000100110010011 0001100011111100 0000000000000101 0000110010100111
1100101111101100 0000010100000101 0000000000101000 0000001100100100
0100011010111111 1001000010000000 0000000000000000 0100011010111111
1110101010010111 0000001001011010 0000000001100011 0000000111001001
1010101011011011 1011110110011011 0000000000000000 1010101011011011
1101111110100000 1001010010100100 0000000000000001 0100101011111100
0011110001101001 1000011101110000 0000000000000000 0011110001101001
0101111101010100 0000110010001000 0000000000000111 0000011110011100
0010101100110011 0000010000000001 0000000000001010 0000001100101001
1000000101110111 0000001011100100 0000000000101100 0000001001000111
0000101101100000 0100010010010011 0000000000000000 0000101101100000
0100101000101000 0001001110100000 0000000000000011 0000111101001000
0001000001110101 1010001100000110 0000000000000000 0001000001110101
0000100010110000 1000110100000000 0000000000000000 0000100010110000
1110100100010011 1011001011011111 0000000000000001 0011011000110100
1011110000010000 0011110001110011 0000000000000011 0000011010110111
1100011010101111 1000100000101100 0000000000000001 0011111010000011
1110000110101001 0101100000001011 0000000000000010 0011000110010011
1111010100010101 1111110011100101 0000000000000000 1111010100010101
