1000111111110001 0010001101111001 0000000000000011
0001100111110011 0100010100000011 0000000000001101
1110111000110101 1000100000101101 0000000000000001
1110010110001000 1001101100110010 0000000000001010
0010101000011011 0110001011110010 0000000000000001
1101100100101010 0110000101000011 0000000000000111
0011101000110101 1100011001001100 0000000000000001
0110100101001011 1110011110100011 0000000000000001
1101101011010000 0111100101101001 0000000000000001
1011101110011001 0100000101001111 0000000000000001
0001100100110101 0000101101101000 0000000000000001
1011110111011110 0001010101000101 0000000000000011
0101111100111111 1101110011000001 0000000000000001
0011111000101000 0001110101000001 0000000000000001
0011011100010110 1100000111111001 0000000000000001
1001010110111000 1100010100010001 0000000000000001
1110000110000011 1111000101100101 0000000000000001
1010001101111010 0000011001011000 0000000000000010
1100100000000110 0100110100111110 0000000000000010
1011110000000011 1011011110111111 0000000000000001
1111110010010000 1001101000010110 0000000000000010
0001001000011101 0110111001001101 0000000000000001
1001011101011011 0100110000000111 0000000000000001
1000011011110011 1100110000101111 0000000000000001
1111010100000111 1111111111100110 0000000000000001
0111010000100001 1000001101010101 0000000000000111
0100100000011010 1000111100111100 0000000000000010
1110001100100001 1010101101001100 0000000000000001
0110111000001100 1000010101100111 0000000000000001
1010101010011111 0100011100010100 0000000000000001
0001001111101010 1011101110110100 0000000000000010
0100000111001001 0011101101011011 0000000000000001
1011101110101011 1010110101101001 0000000000000001
1110110010000010 1011010100001011 0000000000000011
1011010000110010 0010111111101100 0000000000000010
1010110011011110 0100000001010100 0000000000000010
0001101001100001 1001111001000010 0000000000000001
1000101101100011 0001111100100010 0000000000000001
1100110010010011 1010100110001001 0000000001000101
1010100100100011 1000011111110000 0000000000000011
1101111011111110 1101000101010010 0000000000000010
0011000110001011 1000110010001011 0000000000000001
0111110001101111 1000010001101101 0000000000000001
0101100011100101 1110100111111000 0000000000000001
1001100011000101 1111110000000001 0000000000000001
1010110111100111 0100111101010101 0000000000000001
0011101000101000 1001011110001111 0000000000000001
0110100000101111 1001000011010110 0000000000000001
1100011000010101 1100101101000100 0000000000000001
0111100001110001 1100000001101011 0000000000000001
0110110001000010 1101000110000110 0000000000000010
1101011111000000 1010001110010000 0000000000010000
1100101110101110 1100000010110100 0000000000000010
0011110010100010 1100110011111101 0000000000000001
0110111110101001 0111110010010100 0000000000000001
0110000111110100 1011100100110000 0000000000000100
0011010001001000 0101101100100111 0000000000000001
1111011011001011 1010111011101010 0000000000000001
0011011101100001 0101111000100010 0000000000000001
1011101000111110 1111000001101100 0000000000000010
1001000011110111 0111011000101100 0000000000000001
1110100011111110 0101000110001010 0000000000000110
1111101001101100 1100100001100100 0000000000000100
0110111101000100 0010101000111010 0000000000000010
0101010100000011 0100110111111001 0000000000000001
0011010010100010 1101000010010100 0000000000000010
1001001110011010 0010100001010011 0000000000000001
0110110111011001 0100111100011000 0000000000000001
0011110011110011 0100001111111000 0000000000000011
0000110100100000 0000011111010100 0000000000001100
1001011100001110 0010001011100001 0000000000000001
0001001000111011 1011001110100001 0000000000000001
1101110101100000 1000011100001001 0000000000010111
0011001100001111 0010101111011111 0000000000000001
1010111101010001 1100101100011101 0000000000000001
1001011010000010 1010111100100111 0000000000000001
1111011100000110 1010101000100111 0000000000000001
1100101110000000 0100111111001000 0000000100101000
0000110110111000 1001011111111001 0000000000000001
1111001010010101 0010110111000101 0000000000000001
1000110010000011 1111110001011110 0000000000000001
0111000110000110 1101010110001011 0000000000000001
1100111011101010 1010110111111011 0000000000000001
0010101010000011 1010101011110100 0000000000000001
0110010101001110 1010110111100010 0000000000000010
0011100010100001 0101000000110010 0000000000000001
1110110110101000 1010110010111001 0000000000001001
1011111000000111 1011110110110011 0000000000000001
0100001010100111 1011110011001101 0000000000000001
0111111111101000 0110110110111110 0000000000000010
1001100111001011 1011000000011010 0000000000000001
1100101000010000 0100010110011001 0000000000000001
0100111100001000 0010100000111001 0000000000000001
1110001010101001 0010000011010111 0000000000000001
1000111000010110 0000010100000001 0000000000000001
1000011000000100 0100101010100000 0000000000001100
0100001101101010 1100010010011101 0000000000000001
0111110110110001 0011010111001000 0000000000000001
1011000010010010 1010101111010101 0000000000000001
0100001011001110 0100001100000001 0000000000010001
0011011111101001 1100110111100101 0000000000000001
0101010000101111 1000000011101011 0000000000000001
0001100010110111 1101111100011101 0000000000000011
1000101110101101 1110011001000000 0000000000000011
0011011001011100 1100100001011001 0000000000000111
1111101010000010 1010101100110011 0000000000000001
1111001101001001 1101101101101011 0000000000000001
1011110110101001 0111011000110100 0000000000000001
0111001111001101 1001010100100111 0000000000000001
1011000010001100 1001011100011110 0000000000000010
0101001010011101 0100110100110101 0000000000000001
1001111100000011 1101010000000001 0000000000000011
1000100100111100 0111011101100100 0000000000000100
0010001101101101 1111101001011000 0000000000000001
0111101110010110 1001110101001100 0000000000000010
1001000111000000 0110100011000101 0000000000000001
0000101110010110 0100101010111001 0000000000000001
0111111000111000 1101000110110111 0000000000000001
1001011001110111 0000111101111000 0000000000000001
1011000111100010 0011100110110110 0000000000000010
0101011101011001 1110100100011010 0000000000000001
0001101101000010 1000000101001101 0000000000000001
1011101100011110 0110010010111110 0000000000000010
1001101111111111 0011110100001101 0000000000000001
1110101000000101 1001100010110111 0000000000000001
1101100111011110 1000010101001110 0000000000000010
0100000000101001 0100110100110001 0000000000000011
0011101010110101 1010100011000111 0000000000000001
1010000000000100 0011100110010110 0000000000001110
0011011110101000 1111001001000001 0000000000000001
0001100000010010 1111101100100100 0000000000000010
0100100111101101 1011110000001101 0000000000000001
1001000010000100 0011101111110110 0000000000000010
1000010110001100 0001110011100001 0000000000000001
1110010010011101 0010111100100011 0000000000000001
0110110001101010 0001100101101110 0000000000000010
1001110100110111 0000001010101001 0000000000000001
1100101001000101 1000000100100100 0000000000000001
1011100101000001 1011111111100011 0000000000000001
0010001101111110 1001000111100110 0000000000000010
0011011110011000 1100111011100011 0000000000000001
1111111000101110 1110000000010110 0000000000010010
0101101000000100 1111001010010111 0000000000000001
1010011010101001 1100000101001010 0000000000000001
0001011100111001 0111010010010111 0000000000000001
0010111000100001 0101000110001101 0000000000000001
0101011000011001 0010011001101111 0000000000000001
0010101000111110 1100010011010100 0000000000000010
0111111111010100 0001011000000110 0000000000000010
0010100010000001 0110101110101100 0000000000000001
1111100011010100 1111010010110001 0000000000000001
0101111111111100 1001011111110001 0000000000000001
1011011110001011 0000101111101010 0000000000000001
1010001101001111 0001000110111101 0000000000000001
1010101000000111 0100001111111111 0000000000000001
0011010000010011 1010101110111111 0000000000000001
0011010001010000 0111100100000000 0000000000010000
0010010011010111 0100011111111010 0000000000000001
0011100111010101 1100111010100011 0000000000010101
0000101101100100 0101011110100100 0000000000000100
0011011010000111 0010011110100001 0000000000000001
0000000000000011 0001000001100101 0000000000000011
1100110101000100 1111011010111010 0000000010101110
0010011100100110 1000100101000000 0000000000000010
0001110100000110 0000000001101000 0000000000000010
1100011011101011 0101000011011101 0000000000000001
1110111011001110 1010100011011011 0000000000000011
0110011100000001 1000000010001101 0000000000000001
1011010010000000 1110100101111111 0000000000000001
1111111110001100 0000111100100100 0000000000000100
1010001111001010 1111111100110011 0000000000000111
0011000110111100 1111100110101000 0000000000001100
1110101100101111 1111000100101111 0000000000000011
1111000101101001 1101001100110001 0000000000000001
0111000101101011 1101011111100111 0000000000000001
0110101111011001 1100111011110101 0000000000000001
0010000100000001 0000011000101011 0000000000000001
1001100111110001 1101011101111111 0000000000000001
1011010000111100 1011101101110110 0000000000001010
0100000010010000 1001001101111001 0000000000000001
0100101100111111 1010111101100010 0000000000000011
1100010100001110 0101110111110001 0000000000000001
1100001101010011 0000001110100000 0000000000000001
1010111011000001 1001010100010100 0000000000000111
0111101000011101 0000110101101001 0000000000000001
0100111011000100 0101111011101011 0000000000000001
1101000000001110 1000111101001000 0000000000000010
0111101001100010 0011101101101100 0000000000000010
0101110110011011 0011000110001000 0000000000000001
0000100011100110 1110011101111110 0000000000100010
1011000001110001 0101011100110011 0000000000000001
1000110111001101 1100000011010000 0000000000000001
0111011001110100 1101101000111000 0000000000000100
1011000111110010 1000100011010100 0000000000000010
1101100001010101 0010111000110111 0000000000000001
0100011111110011 0011100100101000 0000000000000001
0110101011011001 1011010001000000 0000000000000001
0111111000110100 1111110101001001 0000000000000001
1000010011000011 1000011100101100 0000000000000001
0010101001101001 0010100111000001 0000000000010101
0001001010111100 1001110011100001 0000000000001011
0101010111010000 0000010001101111 0000000000000001
1010101101000110 1000010000100111 0000000000000001
0000101111110011 0101000101011011 0000000000000001
0100101110010110 1010001000011110 0000000000000110
0101111010101001 0010101111011011 0000000000000001
0011010110111111 1010111101100011 0000000000000001
0101001000111010 1110111111011011 0000000000000001
0110001010010001 1000000011100100 0000000000000001
1100011111110111 0000100000101111 0000000000000001
1000001110000111 0010010110110110 0000000000000001
0100101101110011 1000101100001011 0000000000000101
1111110110001100 1110011111010010 0000000000110110
1011010100100011 0110000100100001 0000000000000001
0101001110000100 1100010011111100 0000000000000100
0110011110111111 1100100011111000 0000000000000001
0011100101011100 1011010110110010 0000000000000010
0101000010011110 0010001001000000 0000000000000010
1001101101111000 0101110100111100 0000000000000100
0011101101010000 0111001010111101 0000000000000001
1010001011100000 1111110001100110 0000000000000010
1010110101011100 0110111110001000 0000000000000100
1101100001001001 1110001101001010 0000000000000001
1001010100100101 0010110100100001 0000000000000011
1011101001101110 0010110111011111 0000000000000001
0101110011011100 1010001110011100 0000010001101100
0011010110101101 1111101010010100 0000000000000111
1110000011100011 1010010111011101 0000000000000001
1110001001111010 0110110011011010 0000000000000010
1011010101001001 0000101111011000 0000000000000001
1101000111100111 0001010011010101 0000000000000001
0001000011110001 1100111000100001 0000000000000001
0000111001111000 0101110111011001 0000000000000001
0001010110010011 1110110011010001 0000000000000001
0111001010100010 1000000000000010 0000000000000010
0000011111001010 1100111100101100 0000000000000010
1101001000111011 1101110101001101 0000000000000001
1010101001001000 1101011001111100 0000000000000100
0101001010100011 0111101100100101 0000000000000101
1011001100101100 1100110101100100 0000000000000100
0100110000111101 1000000110110110 0000000000000001
1011000010110010 0100000000111001 0000000000000001
1100100001101001 0001000101000111 0000000000000001
1010101110101111 1101100001110111 0000000000000001
1111100110110100 1001001111000010 0000000000000010
1000111100101101 1110001101111111 0000000000000001
1011001111100110 1010001111001100 0000000000000010
0011011110011111 1010101101100011 0000000000000001
0010110000111011 1001001011101011 0000000000000001
1101001000101011 0010100001010100 0000000000000001
