01000 0
00101 0
11011 0
10111 0
00001 0
10011 0
11011 0
01001 0
01110 0
11011 0
00010 0
01111 0
10010 0
01110 0
11011 0
01001 0
01110 0
11011 0
01101 0
10101 0
01101 0
00010 1
00001 0
01001 0
11011 0
01000 0
00101 0
11011 0
01011 0
01110 0
00101 0
10111 0
11011 0
10100 0
01000 0
00001 0
10100 0
11011 0
01001 0
10100 0
11011 0
00110 0
00101 1
01100 0
10100 0
11011 0
00111 0
01111 0
01111 0
00100 0
11011 0
10101 0
01110 1
01001 0
10100 0
00101 0
11011 0
01111 0
00110 0
11011 0
00101 0
10010 0
10010 0
01111 0
10010 1
10011 0
